Frequency of variables (GAwLL - dt):
- x25 = 4846 times (across 100 generations)
- x27 = 4795 times (across 100 generations)
- x5 = 4775 times (across 100 generations)
- x26 = 4766 times (across 100 generations)
- x24 = 4764 times (across 100 generations)
- x22 = 4694 times (across 100 generations)
- x0 = 4680 times (across 100 generations)
- x21 = 4299 times (across 100 generations)
- x16 = 3787 times (across 100 generations)
- x20 = 1971 times (across 100 generations)
- x10 = 1550 times (across 100 generations)
- x11 = 1243 times (across 100 generations)
- x3 = 1182 times (across 100 generations)
- x9 = 1019 times (across 100 generations)
- x12 = 892 times (across 100 generations)
- x23 = 878 times (across 100 generations)
- x8 = 612 times (across 100 generations)
- x1 = 538 times (across 100 generations)
- x6 = 528 times (across 100 generations)
- x17 = 516 times (across 100 generations)
- x4 = 506 times (across 100 generations)
- x14 = 472 times (across 100 generations)
- x13 = 454 times (across 100 generations)
- x15 = 426 times (across 100 generations)
- x2 = 395 times (across 100 generations)
- x7 = 327 times (across 100 generations)
- x19 = 311 times (across 100 generations)
- x18 = 301 times (across 100 generations)

Frequency per generation:
- x25: [30, 46, 47, 48, 48, 50, 46, 48, 50, 48, 48, 50, 50, 48, 48, 50, 50, 48, 50, 48, 46, 50, 50, 48, 50, 48, 50, 48, 50, 48, 48, 48, 50, 50, 50, 48, 50, 50, 50, 50, 46, 50, 50, 50, 48, 50, 50, 48, 48, 50, 50, 50, 48, 46, 48, 48, 50, 48, 50, 46, 50, 50, 46, 50, 48, 50, 50, 48, 50, 48, 50, 46, 48, 48, 50, 50, 50, 50, 50, 50, 50, 50, 48, 50, 48, 48, 48, 48, 50, 38, 45, 48, 50, 48, 50, 50, 46, 48, 46, 48]
- x27: [26, 38, 46, 50, 46, 50, 50, 50, 48, 48, 48, 46, 50, 50, 48, 50, 48, 48, 48, 50, 46, 46, 48, 50, 48, 48, 48, 50, 48, 46, 48, 50, 50, 50, 50, 50, 48, 46, 50, 48, 48, 48, 50, 50, 50, 48, 48, 48, 46, 50, 46, 50, 48, 48, 48, 50, 50, 48, 46, 50, 50, 50, 48, 50, 50, 48, 50, 50, 50, 46, 48, 50, 48, 50, 50, 48, 50, 50, 44, 50, 50, 50, 50, 50, 46, 46, 50, 46, 48, 27, 36, 48, 48, 50, 48, 46, 50, 50, 50, 50]
- x5: [29, 35, 44, 49, 46, 46, 49, 50, 46, 48, 50, 48, 46, 46, 48, 50, 50, 50, 46, 45, 49, 48, 49, 48, 50, 50, 50, 48, 50, 46, 49, 48, 47, 48, 50, 50, 48, 50, 50, 48, 45, 45, 48, 46, 48, 50, 48, 47, 43, 48, 50, 50, 50, 50, 50, 50, 48, 48, 50, 50, 50, 48, 50, 50, 46, 50, 50, 50, 48, 46, 50, 46, 47, 47, 50, 46, 50, 50, 50, 48, 50, 50, 50, 50, 48, 50, 48, 50, 48, 39, 42, 44, 37, 47, 48, 47, 50, 48, 48, 48]
- x26: [21, 29, 40, 43, 48, 46, 47, 46, 48, 50, 50, 50, 46, 47, 48, 50, 46, 50, 50, 50, 46, 45, 50, 48, 50, 48, 48, 46, 48, 48, 48, 50, 46, 50, 50, 50, 46, 50, 48, 50, 48, 50, 48, 48, 50, 48, 48, 50, 50, 44, 48, 44, 50, 50, 50, 48, 48, 50, 46, 48, 46, 50, 48, 49, 50, 50, 48, 50, 50, 50, 50, 48, 46, 48, 46, 50, 50, 50, 50, 48, 50, 44, 50, 48, 46, 48, 50, 50, 50, 42, 39, 45, 45, 50, 50, 48, 50, 50, 48, 50]
- x24: [19, 26, 40, 38, 46, 48, 50, 48, 49, 50, 50, 48, 50, 50, 48, 48, 47, 48, 50, 48, 50, 48, 50, 46, 50, 50, 50, 50, 50, 50, 50, 50, 48, 50, 48, 50, 48, 48, 48, 48, 48, 50, 50, 48, 50, 50, 48, 50, 48, 50, 50, 48, 50, 50, 50, 46, 48, 50, 50, 46, 46, 50, 48, 49, 50, 50, 48, 48, 50, 50, 46, 50, 48, 48, 50, 50, 48, 48, 48, 47, 48, 48, 47, 48, 50, 46, 49, 46, 46, 32, 41, 44, 48, 42, 50, 48, 50, 48, 48, 50]
- x22: [29, 22, 24, 16, 28, 36, 40, 44, 44, 39, 39, 46, 48, 48, 50, 48, 48, 50, 50, 50, 50, 50, 50, 48, 50, 50, 50, 50, 48, 50, 48, 50, 50, 50, 50, 48, 50, 50, 48, 50, 48, 48, 48, 50, 50, 48, 46, 50, 50, 50, 48, 46, 49, 50, 48, 50, 48, 50, 50, 50, 50, 48, 50, 50, 48, 48, 50, 50, 48, 48, 50, 50, 50, 46, 49, 48, 50, 46, 50, 50, 48, 48, 48, 50, 48, 48, 50, 50, 48, 33, 42, 41, 50, 48, 49, 50, 50, 50, 48, 50]
- x0: [32, 34, 40, 44, 40, 42, 37, 36, 37, 47, 46, 50, 50, 50, 50, 46, 46, 47, 46, 48, 43, 48, 50, 48, 46, 46, 46, 48, 50, 50, 48, 48, 50, 50, 46, 48, 50, 48, 50, 50, 48, 48, 50, 50, 50, 46, 50, 48, 50, 50, 50, 48, 46, 47, 46, 48, 50, 50, 48, 50, 50, 50, 50, 50, 48, 50, 50, 50, 50, 50, 50, 50, 50, 50, 50, 48, 48, 50, 46, 47, 48, 48, 50, 48, 50, 48, 50, 50, 50, 17, 23, 34, 37, 44, 48, 48, 48, 48, 50, 50]
- x21: [15, 23, 21, 33, 23, 25, 17, 13, 16, 17, 16, 11, 15, 21, 33, 37, 37, 35, 38, 48, 43, 48, 48, 47, 46, 45, 48, 48, 46, 50, 50, 48, 50, 50, 50, 50, 50, 48, 48, 49, 48, 50, 48, 48, 50, 46, 47, 42, 48, 46, 48, 50, 48, 50, 48, 48, 50, 48, 47, 46, 44, 48, 48, 48, 46, 48, 48, 50, 50, 48, 48, 46, 50, 46, 46, 47, 50, 48, 50, 50, 46, 50, 48, 50, 50, 50, 50, 48, 48, 34, 28, 41, 47, 46, 48, 50, 50, 46, 50, 48]
- x16: [24, 26, 31, 36, 39, 37, 31, 30, 30, 38, 41, 40, 34, 36, 45, 49, 50, 48, 45, 43, 42, 39, 47, 45, 44, 44, 28, 25, 14, 11, 12, 7, 1, 0, 2, 0, 4, 10, 13, 12, 12, 21, 35, 32, 41, 45, 46, 47, 43, 47, 45, 43, 39, 42, 47, 46, 42, 49, 45, 48, 43, 48, 47, 48, 47, 47, 43, 46, 50, 48, 48, 48, 49, 50, 46, 44, 50, 48, 45, 43, 45, 42, 43, 44, 44, 44, 43, 49, 49, 18, 29, 39, 47, 49, 50, 50, 50, 48, 50, 48]
- x20: [17, 28, 43, 41, 35, 33, 28, 31, 31, 43, 45, 40, 37, 40, 44, 44, 39, 38, 37, 38, 42, 45, 39, 46, 45, 45, 50, 50, 50, 48, 49, 48, 48, 43, 47, 44, 39, 37, 40, 46, 44, 32, 17, 15, 6, 6, 4, 0, 0, 0, 0, 0, 0, 4, 5, 2, 1, 6, 6, 6, 7, 6, 6, 6, 0, 4, 6, 2, 1, 0, 0, 0, 2, 4, 4, 5, 8, 6, 1, 0, 0, 2, 7, 9, 7, 6, 11, 4, 7, 29, 23, 6, 1, 2, 0, 0, 0, 0, 0, 2]
- x10: [28, 30, 33, 40, 37, 37, 40, 38, 38, 50, 48, 47, 47, 50, 50, 50, 50, 50, 50, 48, 50, 50, 50, 48, 46, 36, 33, 34, 28, 29, 23, 15, 12, 12, 3, 2, 0, 2, 2, 4, 6, 3, 1, 0, 0, 0, 0, 4, 3, 3, 0, 0, 0, 2, 4, 7, 1, 0, 0, 2, 0, 2, 6, 1, 2, 5, 11, 5, 3, 1, 2, 4, 3, 2, 6, 13, 11, 6, 9, 4, 4, 3, 1, 2, 3, 0, 0, 0, 0, 20, 12, 9, 0, 0, 6, 6, 2, 4, 2, 4]
- x11: [30, 35, 39, 45, 41, 40, 37, 40, 39, 46, 43, 46, 48, 48, 43, 40, 43, 38, 39, 43, 44, 46, 32, 21, 28, 22, 12, 15, 9, 7, 5, 9, 3, 2, 2, 0, 0, 2, 0, 2, 2, 2, 1, 0, 2, 2, 2, 0, 2, 1, 3, 2, 0, 2, 0, 0, 2, 1, 0, 2, 2, 2, 1, 4, 0, 0, 2, 0, 2, 2, 3, 4, 3, 3, 4, 4, 0, 0, 2, 2, 4, 0, 2, 2, 4, 0, 0, 0, 2, 19, 17, 7, 4, 4, 12, 6, 4, 1, 3, 2]
- x3: [27, 27, 30, 27, 13, 11, 17, 29, 35, 39, 42, 43, 42, 48, 48, 45, 39, 44, 43, 44, 40, 35, 35, 42, 32, 26, 17, 16, 24, 23, 19, 13, 9, 10, 3, 0, 0, 2, 0, 0, 0, 2, 4, 5, 4, 3, 3, 1, 0, 2, 4, 4, 3, 0, 2, 1, 5, 2, 2, 0, 0, 0, 2, 0, 0, 2, 1, 7, 3, 0, 0, 0, 2, 2, 0, 2, 5, 0, 4, 0, 2, 5, 5, 0, 0, 0, 0, 2, 4, 18, 13, 1, 0, 0, 2, 2, 4, 2, 4, 2]
- x9: [20, 27, 24, 34, 40, 37, 47, 47, 46, 40, 40, 42, 39, 32, 24, 20, 18, 23, 28, 36, 29, 21, 20, 21, 19, 7, 5, 5, 2, 2, 0, 0, 2, 4, 2, 2, 1, 3, 0, 4, 3, 5, 2, 3, 1, 2, 2, 3, 2, 1, 2, 1, 0, 2, 0, 2, 4, 1, 4, 2, 1, 2, 0, 2, 3, 0, 2, 4, 7, 10, 9, 9, 5, 5, 5, 0, 2, 0, 0, 0, 0, 2, 1, 0, 2, 1, 4, 3, 5, 26, 23, 9, 2, 5, 4, 1, 3, 3, 4, 0]
- x12: [27, 24, 31, 37, 35, 35, 32, 25, 22, 28, 29, 36, 37, 35, 22, 20, 22, 9, 1, 0, 2, 0, 0, 0, 0, 0, 2, 2, 5, 10, 7, 5, 10, 6, 6, 13, 11, 12, 6, 4, 0, 2, 3, 6, 11, 5, 10, 11, 5, 6, 3, 1, 0, 0, 0, 0, 4, 3, 4, 10, 8, 4, 3, 7, 5, 5, 17, 7, 1, 4, 5, 0, 0, 2, 3, 1, 3, 4, 1, 5, 4, 0, 0, 2, 4, 2, 0, 2, 2, 31, 24, 6, 4, 2, 5, 5, 8, 8, 2, 4]
- x23: [28, 22, 26, 19, 25, 27, 28, 32, 40, 45, 43, 32, 23, 26, 24, 25, 13, 21, 17, 8, 9, 15, 7, 4, 7, 9, 13, 4, 3, 8, 6, 4, 2, 2, 2, 7, 2, 5, 2, 4, 3, 3, 5, 3, 2, 0, 0, 0, 0, 6, 3, 6, 1, 3, 4, 3, 0, 0, 2, 0, 0, 4, 4, 1, 0, 0, 0, 0, 0, 0, 0, 0, 2, 4, 4, 7, 0, 4, 2, 7, 7, 3, 6, 9, 2, 3, 1, 2, 1, 36, 24, 16, 16, 12, 4, 3, 8, 1, 0, 2]
- x8: [24, 24, 24, 29, 17, 18, 11, 12, 7, 10, 12, 9, 9, 4, 10, 14, 7, 3, 0, 0, 2, 4, 6, 9, 8, 11, 1, 2, 6, 1, 2, 4, 0, 0, 0, 0, 0, 0, 2, 4, 3, 6, 4, 5, 1, 3, 3, 4, 1, 2, 2, 6, 3, 3, 7, 5, 4, 4, 0, 4, 3, 0, 0, 0, 2, 0, 0, 2, 5, 10, 13, 6, 2, 2, 0, 0, 6, 6, 3, 6, 6, 0, 6, 12, 11, 4, 3, 5, 3, 24, 16, 12, 11, 9, 10, 14, 7, 6, 4, 7]
- x1: [23, 21, 30, 26, 32, 35, 38, 29, 26, 18, 6, 5, 2, 0, 0, 4, 0, 2, 0, 2, 0, 2, 5, 8, 3, 5, 3, 2, 2, 0, 0, 2, 2, 0, 2, 0, 0, 0, 2, 1, 2, 1, 2, 1, 0, 0, 0, 0, 4, 5, 0, 2, 0, 2, 3, 0, 2, 2, 0, 2, 4, 1, 2, 7, 1, 1, 5, 3, 8, 8, 10, 8, 6, 3, 0, 0, 2, 2, 2, 1, 0, 4, 0, 0, 0, 2, 4, 3, 0, 34, 25, 7, 2, 0, 4, 5, 4, 0, 2, 2]
- x6: [31, 38, 42, 48, 40, 43, 26, 17, 12, 10, 7, 11, 13, 12, 7, 6, 7, 3, 3, 3, 0, 0, 8, 2, 4, 1, 2, 0, 2, 1, 6, 6, 1, 3, 0, 0, 2, 6, 5, 1, 0, 2, 1, 0, 4, 3, 1, 2, 0, 0, 2, 0, 2, 3, 3, 5, 0, 0, 0, 0, 0, 4, 0, 0, 2, 1, 2, 0, 0, 0, 0, 0, 0, 0, 0, 4, 2, 0, 0, 4, 1, 0, 0, 0, 2, 0, 0, 2, 2, 5, 4, 11, 10, 9, 4, 0, 0, 2, 0, 0]
- x17: [25, 23, 22, 15, 26, 30, 20, 19, 21, 19, 19, 16, 19, 12, 4, 6, 6, 6, 5, 2, 2, 5, 3, 6, 4, 0, 2, 0, 4, 3, 0, 0, 2, 6, 0, 0, 4, 2, 4, 2, 2, 3, 1, 6, 6, 3, 3, 0, 0, 0, 0, 0, 2, 0, 0, 0, 0, 2, 0, 0, 2, 2, 4, 3, 3, 5, 0, 2, 4, 3, 1, 0, 4, 3, 4, 0, 2, 0, 0, 0, 0, 0, 0, 6, 0, 4, 4, 0, 0, 16, 14, 8, 4, 5, 5, 5, 7, 2, 0, 2]
- x4: [22, 21, 21, 16, 28, 31, 22, 12, 13, 11, 12, 12, 16, 14, 11, 10, 8, 7, 2, 4, 4, 3, 2, 0, 0, 4, 4, 6, 6, 3, 8, 7, 3, 2, 2, 2, 0, 2, 0, 0, 4, 0, 2, 0, 2, 0, 0, 0, 0, 0, 4, 0, 2, 4, 6, 5, 0, 4, 0, 0, 0, 2, 2, 4, 5, 0, 0, 0, 2, 0, 2, 2, 0, 0, 2, 0, 6, 4, 5, 0, 2, 0, 0, 2, 0, 0, 0, 0, 2, 28, 26, 16, 2, 2, 0, 2, 0, 0, 2, 2]
- x14: [26, 22, 26, 34, 22, 23, 27, 29, 26, 17, 13, 2, 4, 3, 3, 5, 4, 9, 3, 0, 0, 2, 0, 0, 4, 1, 0, 0, 2, 2, 2, 0, 2, 2, 2, 0, 2, 1, 0, 6, 0, 2, 2, 2, 2, 0, 4, 1, 0, 2, 2, 3, 6, 3, 4, 0, 0, 4, 0, 4, 5, 2, 2, 2, 2, 2, 0, 2, 3, 2, 3, 2, 4, 4, 0, 0, 0, 0, 0, 2, 2, 0, 0, 2, 0, 0, 0, 2, 2, 15, 20, 15, 5, 1, 0, 0, 0, 2, 2, 0]
- x13: [25, 27, 29, 29, 15, 11, 9, 14, 17, 12, 7, 4, 8, 10, 10, 13, 4, 10, 7, 2, 0, 0, 2, 8, 1, 5, 1, 4, 3, 0, 0, 0, 4, 1, 3, 4, 1, 0, 0, 4, 4, 4, 0, 2, 1, 2, 3, 7, 5, 2, 2, 0, 4, 0, 0, 0, 2, 4, 3, 0, 0, 0, 2, 5, 5, 1, 2, 1, 3, 0, 2, 0, 0, 0, 0, 6, 8, 3, 4, 0, 4, 0, 0, 0, 0, 0, 2, 4, 9, 19, 10, 5, 0, 0, 0, 0, 0, 2, 3, 5]
- x15: [24, 30, 24, 12, 15, 19, 15, 11, 12, 16, 15, 3, 5, 8, 1, 3, 1, 2, 2, 0, 0, 0, 2, 0, 0, 0, 0, 2, 3, 2, 2, 2, 0, 2, 2, 2, 0, 2, 0, 0, 0, 4, 0, 0, 0, 0, 2, 2, 0, 2, 0, 2, 3, 0, 2, 0, 2, 1, 0, 0, 0, 4, 8, 5, 0, 2, 3, 2, 1, 0, 4, 4, 1, 0, 0, 6, 1, 5, 6, 3, 4, 3, 4, 10, 10, 4, 9, 5, 4, 18, 14, 9, 4, 3, 1, 0, 2, 4, 4, 0]
- x2: [18, 24, 28, 21, 19, 13, 20, 19, 17, 15, 9, 6, 3, 3, 1, 0, 2, 1, 2, 4, 1, 5, 3, 0, 0, 0, 0, 2, 0, 0, 4, 5, 1, 4, 4, 2, 2, 0, 2, 2, 2, 2, 0, 2, 0, 0, 0, 0, 4, 10, 7, 2, 0, 0, 0, 0, 2, 4, 0, 0, 2, 2, 0, 4, 0, 2, 0, 2, 4, 2, 0, 0, 0, 0, 6, 5, 3, 0, 0, 0, 0, 2, 0, 0, 0, 0, 4, 2, 2, 10, 3, 9, 3, 5, 7, 12, 5, 0, 0, 2]
- x7: [32, 20, 21, 14, 11, 18, 13, 17, 12, 2, 1, 0, 0, 2, 4, 4, 0, 2, 3, 2, 4, 0, 0, 0, 0, 0, 0, 0, 2, 2, 0, 2, 2, 2, 4, 0, 4, 0, 0, 2, 0, 2, 2, 0, 0, 0, 2, 0, 0, 2, 0, 0, 2, 2, 0, 0, 4, 1, 0, 2, 0, 0, 4, 0, 0, 4, 0, 2, 2, 0, 0, 2, 1, 4, 0, 0, 2, 0, 0, 0, 0, 2, 2, 2, 0, 2, 2, 2, 3, 22, 21, 10, 4, 2, 3, 2, 4, 2, 0, 0]
- x19: [20, 14, 15, 11, 14, 20, 15, 14, 6, 1, 0, 0, 0, 0, 2, 4, 0, 2, 0, 0, 0, 4, 1, 0, 0, 0, 0, 2, 2, 3, 5, 3, 0, 4, 2, 4, 4, 4, 0, 0, 0, 0, 4, 2, 0, 4, 5, 5, 2, 0, 2, 0, 2, 4, 2, 2, 0, 0, 0, 0, 0, 0, 0, 2, 0, 2, 2, 5, 0, 4, 1, 0, 2, 3, 2, 5, 0, 2, 2, 0, 2, 2, 5, 0, 4, 3, 0, 4, 1, 25, 14, 2, 1, 2, 2, 0, 0, 0, 2, 0]
- x18: [25, 20, 18, 27, 18, 9, 7, 2, 1, 3, 0, 0, 4, 1, 3, 1, 0, 0, 0, 4, 0, 0, 0, 0, 2, 2, 2, 2, 1, 0, 0, 4, 0, 0, 2, 4, 2, 2, 2, 0, 0, 0, 4, 0, 2, 0, 0, 2, 0, 2, 2, 0, 0, 0, 2, 2, 0, 0, 4, 0, 0, 0, 0, 2, 6, 3, 2, 0, 6, 2, 2, 0, 2, 0, 2, 0, 2, 2, 0, 4, 1, 1, 5, 3, 0, 0, 2, 0, 0, 18, 17, 12, 5, 3, 5, 0, 2, 0, 4, 0]
