Frequency of variables (GAwLL - knn):
- x25 = 4728 times (across 100 generations)
- x27 = 4724 times (across 100 generations)
- x24 = 4587 times (across 100 generations)
- x5 = 4542 times (across 100 generations)
- x21 = 4474 times (across 100 generations)
- x26 = 4134 times (across 100 generations)
- x22 = 3736 times (across 100 generations)
- x9 = 3230 times (across 100 generations)
- x12 = 1768 times (across 100 generations)
- x8 = 1418 times (across 100 generations)
- x17 = 903 times (across 100 generations)
- x3 = 902 times (across 100 generations)
- x10 = 604 times (across 100 generations)
- x13 = 573 times (across 100 generations)
- x7 = 566 times (across 100 generations)
- x16 = 560 times (across 100 generations)
- x0 = 482 times (across 100 generations)
- x11 = 475 times (across 100 generations)
- x14 = 406 times (across 100 generations)
- x20 = 403 times (across 100 generations)
- x23 = 376 times (across 100 generations)
- x15 = 370 times (across 100 generations)
- x1 = 340 times (across 100 generations)
- x6 = 327 times (across 100 generations)
- x4 = 280 times (across 100 generations)
- x18 = 263 times (across 100 generations)
- x2 = 239 times (across 100 generations)
- x19 = 210 times (across 100 generations)

Frequency per generation:
- x25: [20, 33, 29, 31, 45, 47, 50, 46, 47, 50, 50, 50, 46, 48, 50, 48, 50, 48, 50, 48, 50, 48, 48, 50, 48, 50, 50, 50, 50, 50, 48, 50, 48, 50, 48, 46, 48, 48, 50, 50, 50, 46, 48, 48, 50, 50, 50, 46, 50, 48, 48, 50, 48, 50, 48, 50, 50, 48, 50, 48, 50, 48, 48, 50, 46, 46, 48, 49, 50, 50, 48, 50, 50, 46, 48, 48, 46, 50, 50, 50, 50, 50, 48, 48, 48, 48, 50, 50, 25, 22, 39, 47, 50, 50, 48, 50, 48, 48, 50, 46]
- x27: [25, 35, 39, 41, 41, 46, 47, 50, 50, 50, 48, 50, 48, 48, 48, 46, 48, 48, 50, 48, 45, 48, 48, 46, 48, 50, 50, 48, 47, 46, 50, 50, 46, 48, 48, 50, 50, 50, 50, 48, 50, 48, 50, 50, 44, 47, 47, 50, 50, 48, 48, 50, 50, 50, 50, 50, 50, 50, 48, 50, 50, 48, 50, 50, 50, 46, 50, 50, 48, 48, 48, 48, 44, 47, 46, 45, 50, 46, 45, 45, 49, 48, 50, 48, 50, 48, 50, 48, 32, 40, 43, 43, 37, 42, 47, 49, 50, 48, 46, 50]
- x24: [32, 28, 36, 35, 43, 49, 50, 48, 50, 50, 50, 48, 48, 49, 46, 48, 48, 48, 50, 48, 50, 48, 49, 43, 45, 44, 42, 47, 50, 46, 48, 50, 50, 50, 46, 50, 46, 50, 46, 50, 48, 43, 47, 44, 40, 46, 41, 45, 49, 48, 46, 49, 50, 46, 49, 48, 50, 50, 50, 46, 50, 50, 50, 50, 46, 47, 50, 48, 48, 48, 47, 47, 48, 50, 48, 46, 47, 45, 47, 47, 45, 48, 49, 48, 49, 46, 48, 42, 23, 33, 42, 44, 35, 34, 28, 36, 43, 49, 49, 48]
- x5: [18, 22, 28, 43, 47, 50, 48, 50, 50, 50, 46, 45, 39, 37, 36, 29, 36, 36, 39, 44, 46, 46, 49, 47, 47, 50, 48, 50, 50, 50, 50, 48, 46, 46, 46, 47, 50, 50, 50, 50, 50, 50, 50, 50, 48, 50, 48, 48, 46, 46, 44, 39, 50, 48, 50, 50, 50, 50, 48, 50, 50, 48, 47, 46, 48, 44, 41, 43, 47, 48, 48, 45, 48, 46, 46, 46, 48, 48, 46, 45, 48, 48, 48, 49, 47, 50, 50, 50, 36, 40, 42, 40, 38, 37, 47, 41, 39, 47, 45, 48]
- x21: [26, 37, 32, 31, 40, 47, 47, 46, 49, 48, 49, 50, 50, 50, 50, 48, 48, 39, 40, 28, 40, 47, 42, 42, 45, 45, 47, 43, 48, 47, 48, 45, 46, 49, 48, 48, 50, 50, 50, 50, 48, 47, 50, 50, 50, 50, 50, 50, 48, 48, 48, 48, 48, 50, 50, 50, 50, 50, 50, 48, 47, 49, 48, 50, 46, 46, 45, 48, 45, 44, 47, 49, 49, 50, 50, 50, 46, 44, 39, 44, 44, 50, 50, 50, 50, 46, 44, 38, 35, 33, 33, 25, 21, 21, 33, 38, 37, 38, 41, 43]
- x26: [24, 22, 28, 22, 7, 1, 4, 8, 8, 6, 7, 8, 7, 18, 23, 32, 41, 42, 44, 43, 48, 47, 48, 48, 50, 46, 47, 49, 50, 50, 46, 50, 48, 44, 45, 48, 48, 50, 46, 48, 50, 50, 48, 50, 50, 48, 46, 46, 45, 43, 50, 50, 48, 46, 46, 48, 46, 50, 50, 46, 50, 50, 48, 48, 48, 50, 50, 46, 48, 50, 50, 50, 50, 50, 50, 48, 46, 47, 48, 50, 48, 48, 42, 50, 48, 48, 46, 50, 19, 18, 21, 30, 38, 49, 49, 50, 50, 50, 50, 46]
- x22: [27, 25, 15, 10, 7, 1, 0, 2, 3, 1, 2, 5, 7, 17, 12, 20, 14, 11, 3, 4, 12, 21, 29, 43, 41, 44, 47, 49, 49, 50, 50, 48, 50, 48, 48, 50, 50, 48, 48, 48, 48, 48, 50, 48, 50, 50, 50, 48, 49, 50, 44, 50, 46, 48, 46, 46, 47, 42, 43, 47, 50, 48, 50, 48, 50, 48, 50, 48, 48, 47, 47, 47, 49, 50, 50, 50, 50, 46, 45, 47, 48, 45, 50, 50, 50, 50, 46, 47, 26, 12, 13, 11, 11, 20, 41, 39, 50, 50, 50, 50]
- x9: [23, 34, 42, 45, 40, 33, 30, 38, 34, 32, 33, 35, 38, 22, 26, 14, 14, 6, 3, 7, 14, 12, 14, 11, 14, 15, 8, 4, 2, 3, 0, 2, 5, 4, 3, 4, 4, 6, 8, 19, 30, 40, 39, 42, 34, 43, 46, 46, 50, 48, 47, 46, 48, 47, 48, 50, 50, 50, 48, 49, 43, 41, 44, 47, 50, 46, 44, 45, 47, 44, 42, 44, 44, 43, 46, 40, 47, 47, 46, 45, 48, 44, 50, 50, 50, 48, 39, 43, 22, 21, 13, 9, 9, 25, 39, 47, 45, 46, 43, 42]
- x12: [22, 33, 39, 37, 48, 47, 48, 46, 47, 43, 48, 45, 43, 48, 49, 46, 42, 42, 36, 44, 50, 50, 48, 49, 46, 39, 39, 38, 34, 33, 35, 35, 39, 39, 43, 37, 26, 34, 26, 30, 18, 4, 7, 3, 1, 0, 0, 0, 2, 5, 0, 0, 0, 0, 2, 2, 5, 0, 2, 3, 3, 2, 4, 0, 0, 0, 2, 2, 6, 6, 3, 0, 0, 4, 6, 3, 1, 0, 0, 2, 4, 4, 0, 4, 2, 0, 2, 0, 16, 2, 1, 0, 2, 2, 3, 0, 0, 2, 3, 0]
- x8: [25, 22, 32, 41, 49, 50, 50, 46, 48, 46, 49, 45, 40, 36, 34, 32, 39, 35, 37, 35, 40, 45, 47, 43, 43, 37, 26, 14, 17, 19, 12, 10, 3, 2, 2, 4, 5, 1, 7, 1, 0, 0, 2, 7, 3, 0, 0, 2, 5, 5, 5, 2, 3, 0, 0, 0, 4, 6, 4, 4, 10, 7, 0, 0, 2, 4, 3, 3, 1, 2, 1, 4, 2, 4, 0, 0, 0, 2, 0, 4, 0, 0, 0, 0, 2, 0, 0, 0, 32, 34, 32, 20, 12, 3, 1, 0, 4, 4, 4, 0]
- x17: [29, 25, 32, 31, 43, 45, 42, 47, 46, 41, 38, 27, 28, 22, 22, 11, 19, 16, 19, 7, 7, 1, 3, 2, 0, 0, 0, 4, 0, 0, 0, 2, 2, 1, 5, 2, 0, 4, 5, 1, 2, 0, 2, 5, 6, 6, 4, 3, 6, 6, 3, 3, 0, 0, 0, 2, 0, 0, 2, 7, 2, 0, 2, 4, 7, 2, 4, 1, 0, 0, 2, 4, 4, 2, 0, 2, 0, 2, 3, 0, 2, 0, 0, 0, 4, 6, 13, 6, 26, 22, 27, 23, 25, 14, 4, 2, 2, 0, 0, 0]
- x3: [29, 29, 29, 33, 46, 44, 45, 46, 46, 36, 40, 34, 26, 25, 31, 25, 26, 15, 15, 12, 5, 3, 0, 2, 0, 4, 1, 3, 3, 2, 0, 2, 0, 2, 0, 6, 2, 1, 0, 0, 0, 2, 7, 7, 9, 0, 0, 0, 0, 0, 0, 0, 0, 4, 0, 0, 0, 4, 1, 1, 6, 2, 1, 4, 5, 4, 3, 2, 0, 4, 4, 3, 2, 0, 0, 0, 0, 0, 2, 2, 0, 0, 2, 0, 2, 0, 2, 0, 40, 38, 33, 22, 8, 2, 0, 2, 2, 2, 0, 0]
- x10: [22, 23, 34, 36, 40, 43, 41, 27, 29, 33, 28, 26, 19, 19, 14, 18, 15, 7, 4, 0, 4, 0, 0, 0, 0, 0, 2, 0, 2, 1, 2, 2, 4, 1, 0, 0, 0, 8, 0, 4, 2, 0, 0, 0, 0, 2, 0, 2, 2, 0, 2, 2, 0, 0, 2, 0, 2, 2, 2, 0, 0, 2, 1, 0, 0, 2, 6, 2, 0, 2, 2, 3, 0, 0, 2, 0, 0, 0, 0, 2, 0, 6, 0, 2, 3, 2, 2, 6, 10, 6, 3, 2, 2, 0, 0, 2, 0, 6, 0, 0]
- x13: [24, 21, 23, 25, 8, 7, 4, 7, 5, 7, 2, 0, 0, 2, 2, 6, 8, 6, 11, 17, 12, 8, 10, 11, 3, 2, 3, 0, 0, 2, 2, 13, 3, 0, 0, 2, 0, 2, 0, 0, 0, 0, 0, 0, 2, 0, 0, 0, 2, 5, 4, 2, 3, 1, 4, 6, 8, 3, 2, 2, 3, 0, 4, 0, 2, 0, 4, 3, 6, 3, 1, 3, 0, 2, 2, 1, 3, 2, 3, 4, 4, 3, 1, 4, 1, 7, 1, 0, 16, 13, 18, 28, 37, 29, 20, 13, 16, 4, 6, 4]
- x7: [26, 30, 38, 40, 50, 48, 32, 30, 18, 13, 2, 5, 3, 0, 0, 0, 0, 2, 1, 0, 2, 2, 0, 0, 0, 0, 2, 4, 0, 2, 0, 2, 2, 0, 0, 2, 4, 0, 0, 2, 2, 0, 4, 2, 2, 0, 2, 0, 0, 0, 2, 2, 2, 2, 2, 0, 0, 0, 4, 0, 4, 2, 5, 0, 2, 0, 2, 2, 0, 0, 4, 0, 0, 0, 2, 0, 0, 0, 0, 2, 2, 0, 0, 2, 0, 0, 0, 2, 22, 19, 19, 23, 25, 17, 5, 2, 4, 0, 4, 7]
- x16: [26, 20, 19, 9, 5, 4, 6, 1, 2, 0, 2, 0, 4, 5, 2, 2, 0, 0, 0, 0, 0, 2, 1, 4, 2, 2, 3, 6, 5, 5, 0, 2, 2, 4, 7, 11, 18, 13, 11, 5, 7, 10, 9, 12, 15, 3, 5, 2, 4, 2, 6, 4, 7, 4, 12, 15, 5, 1, 2, 4, 5, 1, 1, 4, 5, 1, 2, 3, 3, 0, 0, 0, 2, 10, 15, 3, 2, 5, 6, 3, 0, 4, 8, 7, 4, 7, 1, 0, 24, 30, 30, 20, 12, 1, 0, 0, 0, 2, 0, 0]
- x0: [30, 27, 27, 30, 8, 3, 1, 0, 2, 10, 6, 4, 0, 0, 2, 5, 6, 0, 2, 4, 6, 7, 2, 4, 0, 2, 4, 1, 4, 6, 3, 3, 0, 0, 0, 0, 0, 6, 4, 0, 0, 2, 2, 3, 1, 0, 6, 2, 7, 8, 10, 12, 5, 4, 7, 3, 2, 2, 0, 0, 0, 0, 0, 2, 0, 0, 0, 2, 1, 0, 0, 2, 0, 0, 4, 5, 8, 7, 1, 2, 5, 3, 2, 1, 1, 2, 2, 3, 31, 28, 32, 20, 10, 3, 3, 0, 2, 2, 2, 1]
- x11: [26, 33, 31, 20, 10, 23, 27, 31, 16, 5, 2, 0, 2, 0, 0, 0, 0, 4, 3, 2, 2, 0, 4, 0, 6, 2, 0, 0, 0, 4, 3, 2, 2, 4, 5, 5, 2, 2, 2, 0, 6, 0, 0, 2, 2, 4, 0, 2, 2, 0, 0, 2, 0, 0, 0, 0, 0, 2, 0, 4, 3, 0, 0, 2, 2, 2, 4, 2, 0, 0, 0, 0, 4, 0, 0, 2, 0, 0, 0, 0, 2, 2, 0, 4, 1, 0, 2, 2, 25, 27, 33, 25, 18, 1, 2, 0, 2, 0, 2, 0]
- x14: [28, 22, 25, 28, 10, 3, 4, 3, 4, 4, 6, 5, 0, 2, 2, 2, 0, 0, 0, 2, 2, 3, 0, 0, 0, 0, 2, 2, 0, 0, 2, 2, 2, 2, 4, 3, 0, 0, 0, 0, 0, 2, 3, 0, 4, 3, 5, 0, 0, 0, 0, 2, 1, 0, 0, 2, 2, 1, 0, 0, 0, 2, 4, 2, 5, 0, 2, 0, 2, 0, 4, 4, 0, 2, 0, 2, 0, 0, 2, 0, 4, 2, 1, 4, 0, 0, 0, 2, 21, 23, 17, 21, 28, 33, 14, 3, 3, 0, 0, 0]
- x20: [32, 25, 23, 24, 10, 3, 4, 0, 0, 2, 5, 9, 10, 9, 9, 13, 12, 9, 12, 5, 3, 1, 4, 5, 3, 2, 3, 5, 1, 0, 0, 0, 2, 4, 2, 0, 0, 0, 0, 4, 5, 2, 1, 0, 0, 2, 3, 3, 0, 2, 4, 2, 0, 2, 3, 6, 8, 6, 1, 0, 0, 4, 6, 2, 0, 0, 0, 2, 1, 4, 6, 2, 2, 0, 0, 4, 5, 4, 1, 2, 1, 0, 2, 4, 3, 5, 4, 7, 7, 8, 0, 0, 2, 2, 0, 2, 3, 1, 2, 0]
- x23: [26, 27, 20, 19, 10, 5, 3, 8, 7, 4, 1, 5, 7, 1, 2, 0, 0, 0, 2, 4, 8, 9, 6, 2, 0, 0, 2, 2, 6, 2, 0, 0, 2, 3, 5, 6, 6, 7, 8, 2, 0, 2, 0, 2, 2, 2, 4, 6, 5, 3, 0, 2, 0, 2, 2, 5, 2, 2, 2, 1, 2, 1, 7, 4, 3, 2, 1, 2, 3, 4, 2, 1, 2, 6, 1, 6, 0, 0, 2, 0, 0, 2, 1, 2, 1, 0, 0, 0, 16, 9, 8, 5, 1, 0, 2, 4, 3, 2, 0, 0]
- x15: [24, 21, 21, 21, 9, 1, 4, 4, 5, 1, 2, 2, 4, 2, 0, 2, 2, 4, 6, 0, 2, 5, 0, 0, 2, 2, 2, 0, 4, 0, 0, 0, 2, 1, 0, 0, 6, 2, 0, 2, 2, 0, 2, 0, 0, 4, 3, 4, 0, 0, 0, 4, 2, 0, 2, 0, 0, 4, 0, 2, 0, 2, 0, 4, 0, 0, 0, 4, 2, 0, 0, 2, 2, 1, 4, 2, 2, 4, 4, 4, 0, 2, 0, 2, 2, 2, 3, 2, 33, 30, 24, 18, 12, 1, 0, 2, 2, 2, 2, 0]
- x1: [24, 33, 33, 24, 14, 9, 1, 2, 6, 0, 0, 0, 0, 2, 0, 0, 0, 2, 2, 0, 0, 2, 2, 2, 0, 2, 0, 4, 5, 3, 2, 0, 0, 0, 0, 0, 2, 0, 0, 0, 4, 7, 3, 3, 0, 4, 0, 0, 2, 0, 2, 0, 2, 2, 2, 0, 6, 2, 0, 0, 0, 2, 2, 0, 2, 3, 1, 2, 6, 0, 2, 2, 4, 3, 5, 0, 0, 4, 0, 2, 1, 2, 6, 0, 2, 2, 2, 2, 28, 15, 5, 5, 6, 3, 2, 0, 4, 0, 0, 0]
- x6: [26, 21, 28, 18, 7, 3, 2, 0, 2, 2, 2, 2, 0, 0, 2, 4, 2, 0, 2, 2, 0, 0, 0, 0, 2, 0, 0, 0, 0, 4, 1, 2, 0, 2, 0, 0, 0, 0, 2, 0, 0, 2, 2, 7, 0, 2, 2, 2, 2, 0, 0, 0, 0, 4, 1, 0, 2, 2, 0, 0, 4, 2, 2, 0, 0, 2, 0, 0, 2, 4, 2, 0, 2, 0, 2, 0, 0, 0, 6, 4, 4, 3, 2, 6, 4, 3, 6, 5, 23, 13, 7, 4, 8, 13, 14, 5, 3, 0, 0, 6]
- x4: [23, 26, 20, 17, 3, 2, 2, 0, 0, 2, 4, 3, 1, 2, 0, 0, 0, 0, 2, 2, 4, 0, 2, 0, 2, 0, 0, 0, 4, 4, 5, 0, 4, 0, 0, 0, 2, 2, 0, 0, 0, 0, 2, 2, 0, 0, 4, 2, 2, 0, 0, 2, 3, 0, 0, 4, 5, 4, 0, 0, 2, 2, 2, 2, 0, 0, 2, 1, 2, 2, 2, 1, 4, 2, 2, 2, 1, 0, 0, 2, 5, 6, 2, 0, 2, 3, 1, 0, 25, 11, 13, 5, 2, 2, 0, 0, 0, 0, 0, 4]
- x18: [26, 16, 17, 12, 4, 1, 0, 0, 2, 0, 0, 0, 2, 6, 5, 2, 0, 6, 0, 0, 0, 0, 0, 2, 0, 2, 2, 4, 7, 2, 2, 1, 0, 0, 2, 0, 0, 0, 0, 2, 4, 2, 4, 0, 0, 2, 2, 0, 2, 6, 1, 0, 6, 5, 5, 4, 2, 2, 5, 0, 4, 2, 2, 3, 2, 0, 2, 0, 0, 2, 0, 2, 4, 2, 0, 2, 2, 0, 0, 0, 0, 0, 0, 2, 2, 0, 0, 0, 18, 7, 1, 2, 1, 4, 6, 0, 2, 7, 5, 0]
- x2: [20, 15, 4, 3, 5, 8, 3, 2, 2, 4, 0, 0, 0, 0, 2, 2, 0, 0, 0, 2, 0, 0, 2, 2, 0, 2, 1, 4, 0, 2, 3, 3, 0, 2, 0, 0, 0, 0, 2, 4, 0, 2, 0, 0, 2, 2, 2, 0, 4, 0, 0, 2, 2, 2, 2, 0, 0, 2, 2, 2, 0, 2, 0, 4, 0, 2, 2, 0, 2, 2, 0, 2, 0, 0, 0, 4, 4, 0, 2, 0, 2, 0, 4, 0, 2, 2, 0, 0, 32, 22, 7, 1, 0, 2, 6, 0, 0, 2, 4, 2]
- x19: [24, 25, 17, 13, 7, 5, 2, 0, 0, 0, 0, 0, 2, 2, 2, 0, 0, 0, 2, 2, 3, 2, 0, 0, 0, 0, 0, 0, 0, 0, 2, 0, 0, 2, 0, 2, 0, 0, 4, 4, 2, 0, 0, 0, 2, 2, 0, 2, 0, 4, 0, 0, 0, 0, 0, 0, 2, 2, 1, 2, 2, 3, 2, 0, 0, 2, 0, 2, 0, 0, 2, 0, 0, 0, 0, 0, 0, 2, 3, 0, 2, 2, 2, 2, 0, 0, 2, 0, 12, 4, 3, 2, 2, 2, 5, 5, 0, 2, 0, 4]
