Frequency of variables (GAwLL - mlp):
- x25 = 4809 times (across 100 generations)
- x27 = 4782 times (across 100 generations)
- x26 = 4674 times (across 100 generations)
- x5 = 4651 times (across 100 generations)
- x1 = 4580 times (across 100 generations)
- x22 = 4551 times (across 100 generations)
- x3 = 4431 times (across 100 generations)
- x13 = 4425 times (across 100 generations)
- x4 = 4398 times (across 100 generations)
- x12 = 4387 times (across 100 generations)
- x18 = 4355 times (across 100 generations)
- x11 = 4272 times (across 100 generations)
- x0 = 4220 times (across 100 generations)
- x8 = 4141 times (across 100 generations)
- x2 = 4065 times (across 100 generations)
- x6 = 2801 times (across 100 generations)
- x16 = 2607 times (across 100 generations)
- x23 = 864 times (across 100 generations)
- x15 = 760 times (across 100 generations)
- x9 = 723 times (across 100 generations)
- x17 = 672 times (across 100 generations)
- x21 = 620 times (across 100 generations)
- x24 = 620 times (across 100 generations)
- x20 = 433 times (across 100 generations)
- x7 = 388 times (across 100 generations)
- x14 = 372 times (across 100 generations)
- x10 = 284 times (across 100 generations)
- x19 = 258 times (across 100 generations)

Frequency per generation:
- x25: [22, 29, 45, 50, 50, 50, 46, 50, 50, 50, 48, 50, 48, 50, 48, 48, 48, 48, 48, 50, 50, 48, 50, 46, 50, 50, 48, 48, 50, 46, 50, 50, 50, 50, 50, 50, 50, 48, 48, 44, 50, 48, 48, 50, 50, 50, 48, 48, 47, 50, 48, 47, 48, 49, 48, 48, 48, 48, 48, 48, 46, 48, 45, 47, 49, 48, 49, 48, 43, 49, 50, 46, 50, 50, 50, 48, 50, 50, 50, 48, 48, 47, 50, 50, 48, 50, 50, 50, 50, 50, 50, 48, 50, 50, 48, 46, 45, 48, 48, 46]
- x27: [21, 38, 44, 45, 40, 43, 44, 48, 47, 49, 48, 50, 48, 49, 50, 50, 48, 50, 48, 48, 48, 50, 50, 44, 50, 50, 48, 50, 50, 48, 48, 50, 46, 50, 48, 48, 48, 50, 46, 47, 50, 48, 50, 50, 48, 48, 48, 46, 50, 50, 50, 50, 48, 46, 50, 50, 46, 49, 50, 46, 48, 50, 48, 50, 48, 48, 48, 50, 48, 46, 45, 47, 48, 48, 50, 46, 50, 50, 50, 50, 50, 48, 42, 48, 47, 43, 50, 50, 50, 50, 50, 50, 48, 50, 48, 50, 44, 47, 49, 50]
- x26: [23, 25, 31, 42, 37, 40, 46, 45, 36, 38, 43, 47, 46, 50, 50, 50, 44, 48, 49, 45, 49, 50, 50, 50, 50, 48, 48, 48, 48, 48, 50, 48, 46, 50, 50, 50, 48, 48, 48, 50, 50, 50, 50, 48, 48, 48, 50, 50, 44, 49, 50, 50, 50, 48, 47, 46, 49, 48, 48, 50, 50, 50, 48, 46, 50, 48, 50, 48, 47, 50, 50, 48, 48, 45, 43, 42, 41, 42, 45, 46, 46, 46, 47, 43, 44, 49, 47, 50, 42, 50, 48, 50, 50, 50, 48, 50, 46, 50, 50, 46]
- x5: [22, 24, 35, 45, 38, 38, 30, 30, 38, 40, 36, 39, 48, 49, 50, 50, 50, 42, 44, 48, 50, 50, 48, 50, 50, 50, 48, 50, 50, 50, 50, 50, 48, 50, 48, 50, 48, 47, 48, 50, 46, 48, 44, 49, 50, 48, 46, 42, 44, 44, 47, 50, 50, 48, 48, 50, 48, 46, 50, 50, 48, 46, 46, 48, 48, 45, 46, 47, 50, 48, 50, 50, 50, 48, 50, 50, 50, 48, 46, 45, 50, 44, 47, 45, 47, 50, 48, 50, 48, 46, 49, 49, 50, 48, 50, 50, 50, 46, 50, 46]
- x1: [28, 16, 25, 32, 36, 42, 48, 47, 42, 30, 30, 24, 38, 41, 47, 48, 49, 50, 48, 49, 49, 50, 50, 48, 46, 49, 50, 50, 48, 49, 50, 46, 48, 44, 45, 45, 47, 43, 47, 48, 50, 48, 50, 48, 47, 49, 50, 46, 48, 50, 48, 49, 48, 46, 46, 47, 48, 45, 48, 47, 48, 45, 49, 49, 50, 48, 48, 49, 48, 42, 46, 48, 49, 50, 48, 50, 46, 50, 50, 50, 48, 48, 46, 44, 48, 48, 48, 48, 50, 50, 48, 50, 48, 44, 43, 40, 44, 50, 46, 46]
- x22: [30, 35, 31, 37, 40, 42, 43, 44, 44, 40, 38, 41, 44, 41, 44, 45, 39, 39, 43, 41, 46, 47, 49, 48, 46, 43, 43, 45, 43, 44, 45, 45, 48, 47, 50, 50, 50, 50, 50, 48, 44, 45, 49, 47, 48, 47, 50, 50, 50, 48, 47, 48, 48, 41, 39, 40, 37, 43, 44, 46, 44, 40, 42, 47, 47, 46, 44, 46, 46, 49, 50, 50, 50, 48, 48, 44, 41, 48, 43, 49, 50, 50, 48, 48, 48, 50, 46, 49, 49, 50, 50, 50, 48, 48, 50, 50, 48, 50, 50, 48]
- x3: [22, 32, 30, 39, 40, 42, 44, 40, 34, 28, 34, 37, 33, 30, 25, 26, 28, 21, 25, 37, 45, 46, 50, 50, 50, 50, 48, 48, 48, 50, 50, 50, 50, 48, 46, 44, 49, 42, 45, 48, 44, 47, 47, 46, 49, 50, 50, 50, 48, 46, 50, 48, 47, 41, 43, 47, 49, 50, 50, 48, 48, 47, 49, 50, 46, 48, 48, 46, 50, 50, 50, 50, 50, 48, 47, 50, 50, 50, 48, 50, 50, 46, 50, 48, 50, 48, 50, 48, 48, 50, 48, 47, 45, 47, 46, 42, 40, 35, 36, 28]
- x13: [26, 31, 36, 40, 38, 46, 46, 50, 50, 48, 46, 44, 42, 43, 40, 48, 46, 49, 50, 48, 48, 43, 46, 46, 48, 49, 48, 46, 46, 49, 50, 46, 47, 48, 48, 48, 48, 41, 39, 39, 50, 50, 50, 50, 48, 46, 43, 45, 45, 49, 50, 46, 46, 48, 46, 45, 50, 46, 50, 48, 47, 45, 48, 50, 48, 47, 46, 50, 48, 47, 49, 47, 48, 41, 43, 43, 48, 50, 48, 45, 40, 47, 49, 50, 50, 50, 50, 48, 43, 42, 39, 32, 30, 33, 25, 19, 22, 27, 23, 27]
- x4: [29, 28, 42, 47, 47, 47, 47, 50, 46, 49, 47, 46, 43, 40, 37, 38, 38, 37, 40, 44, 44, 45, 39, 50, 48, 48, 48, 47, 48, 50, 44, 39, 47, 48, 50, 46, 48, 50, 50, 48, 47, 50, 50, 48, 50, 50, 50, 50, 50, 46, 49, 48, 50, 50, 50, 50, 46, 48, 46, 50, 50, 48, 48, 48, 46, 46, 50, 50, 48, 47, 48, 48, 49, 50, 48, 50, 48, 50, 50, 48, 46, 47, 50, 50, 50, 50, 46, 47, 45, 42, 39, 30, 30, 31, 27, 13, 9, 8, 7, 4]
- x12: [26, 32, 35, 35, 32, 23, 17, 20, 35, 38, 33, 41, 43, 40, 42, 34, 37, 33, 34, 21, 31, 39, 42, 48, 47, 48, 45, 43, 46, 50, 50, 50, 48, 47, 46, 46, 48, 45, 44, 48, 48, 46, 48, 47, 46, 44, 39, 44, 44, 36, 32, 39, 48, 48, 48, 44, 47, 50, 48, 48, 50, 48, 47, 48, 49, 47, 50, 48, 46, 47, 49, 48, 48, 48, 46, 49, 46, 48, 47, 49, 48, 50, 48, 47, 50, 46, 50, 50, 50, 50, 48, 48, 50, 48, 50, 48, 48, 49, 47, 48]
- x18: [25, 29, 35, 32, 30, 23, 13, 13, 30, 27, 24, 26, 32, 33, 41, 40, 41, 40, 39, 30, 35, 46, 45, 47, 45, 44, 49, 47, 44, 42, 37, 42, 43, 46, 41, 45, 47, 45, 43, 46, 45, 46, 47, 42, 44, 43, 48, 48, 49, 50, 50, 50, 50, 48, 49, 48, 47, 48, 48, 46, 47, 50, 48, 50, 48, 50, 48, 49, 47, 49, 50, 48, 49, 48, 45, 44, 44, 48, 48, 50, 50, 50, 48, 50, 50, 50, 50, 50, 50, 46, 47, 50, 50, 50, 48, 46, 49, 46, 45, 42]
- x11: [27, 25, 32, 40, 37, 38, 34, 29, 27, 34, 34, 30, 26, 24, 18, 20, 23, 21, 28, 40, 30, 36, 40, 37, 44, 47, 42, 49, 48, 47, 46, 46, 47, 42, 44, 46, 47, 42, 36, 45, 48, 45, 50, 48, 48, 48, 50, 48, 47, 48, 49, 48, 48, 50, 50, 46, 39, 50, 48, 47, 48, 43, 46, 49, 50, 50, 50, 48, 50, 50, 48, 50, 46, 50, 50, 50, 48, 50, 50, 50, 48, 49, 48, 49, 50, 50, 48, 50, 50, 48, 49, 48, 47, 44, 43, 41, 39, 32, 35, 25]
- x0: [29, 29, 24, 23, 34, 32, 38, 31, 24, 19, 24, 21, 20, 21, 16, 21, 26, 25, 29, 37, 40, 44, 45, 43, 50, 50, 50, 48, 50, 48, 48, 46, 47, 46, 45, 44, 44, 39, 40, 45, 48, 49, 46, 49, 46, 47, 48, 48, 50, 48, 42, 37, 42, 41, 46, 41, 49, 50, 46, 41, 45, 45, 45, 49, 50, 50, 48, 49, 49, 46, 43, 42, 41, 46, 44, 43, 43, 47, 39, 48, 47, 50, 48, 50, 48, 48, 50, 50, 46, 50, 50, 48, 48, 44, 47, 45, 46, 48, 48, 48]
- x8: [22, 8, 7, 12, 16, 24, 29, 26, 16, 12, 18, 12, 15, 16, 17, 18, 18, 18, 26, 38, 31, 39, 43, 42, 42, 45, 45, 47, 48, 43, 46, 46, 47, 50, 50, 48, 48, 45, 48, 49, 46, 46, 46, 50, 48, 50, 50, 48, 47, 48, 44, 49, 44, 48, 48, 47, 50, 50, 50, 50, 48, 50, 50, 48, 46, 49, 48, 50, 46, 46, 47, 48, 49, 50, 48, 50, 48, 50, 46, 50, 48, 46, 42, 49, 50, 48, 50, 48, 47, 48, 48, 50, 50, 48, 47, 48, 50, 46, 43, 39]
- x2: [26, 29, 12, 15, 20, 28, 34, 30, 17, 10, 21, 20, 20, 21, 19, 19, 17, 20, 22, 25, 17, 29, 37, 45, 48, 50, 46, 49, 47, 41, 43, 47, 48, 49, 49, 50, 48, 48, 48, 49, 50, 48, 48, 47, 49, 47, 45, 42, 45, 46, 47, 47, 47, 45, 46, 46, 49, 50, 46, 50, 48, 45, 49, 45, 47, 50, 48, 50, 50, 50, 48, 45, 45, 49, 50, 50, 48, 49, 50, 50, 48, 48, 48, 49, 45, 42, 47, 46, 48, 48, 44, 44, 47, 42, 43, 38, 33, 30, 31, 25]
- x6: [26, 19, 30, 29, 26, 39, 42, 44, 49, 50, 50, 46, 49, 50, 50, 50, 50, 48, 50, 50, 48, 45, 50, 48, 49, 47, 50, 48, 49, 49, 50, 46, 49, 50, 48, 50, 50, 50, 46, 41, 48, 50, 48, 47, 48, 49, 48, 48, 43, 45, 34, 28, 13, 15, 14, 12, 8, 2, 0, 0, 4, 2, 0, 0, 4, 0, 0, 6, 1, 2, 5, 1, 4, 2, 6, 7, 0, 6, 2, 3, 2, 5, 6, 2, 2, 8, 4, 4, 2, 10, 12, 20, 20, 22, 27, 38, 39, 36, 40, 37]
- x16: [26, 20, 25, 30, 29, 13, 10, 12, 15, 22, 15, 20, 16, 13, 9, 5, 7, 1, 2, 4, 3, 4, 0, 0, 2, 0, 0, 0, 2, 2, 5, 2, 0, 0, 2, 2, 0, 0, 0, 2, 5, 1, 0, 2, 2, 2, 2, 2, 11, 8, 16, 18, 34, 35, 40, 40, 48, 50, 50, 50, 50, 48, 48, 48, 47, 47, 48, 48, 43, 47, 48, 48, 41, 36, 37, 29, 42, 40, 46, 48, 50, 50, 48, 50, 50, 50, 50, 50, 50, 48, 50, 48, 50, 50, 48, 50, 50, 48, 48, 44]
- x23: [23, 26, 32, 33, 28, 25, 14, 20, 31, 32, 29, 40, 35, 31, 33, 32, 24, 31, 22, 23, 33, 16, 9, 11, 14, 6, 5, 5, 4, 7, 4, 4, 1, 2, 0, 0, 0, 2, 1, 1, 2, 2, 2, 2, 0, 0, 0, 0, 6, 2, 4, 2, 0, 2, 4, 7, 5, 4, 1, 0, 2, 0, 4, 7, 3, 4, 2, 3, 3, 0, 2, 1, 3, 6, 7, 1, 4, 2, 3, 2, 3, 1, 2, 2, 3, 7, 6, 2, 0, 2, 5, 8, 7, 4, 0, 8, 4, 4, 3, 0]
- x15: [28, 29, 32, 29, 29, 23, 16, 24, 30, 34, 25, 33, 28, 31, 31, 29, 31, 24, 16, 7, 21, 16, 9, 10, 12, 3, 4, 1, 2, 3, 2, 6, 3, 0, 0, 0, 2, 2, 2, 2, 0, 0, 0, 0, 0, 2, 2, 1, 0, 2, 4, 0, 2, 2, 4, 3, 1, 0, 4, 3, 0, 0, 0, 4, 2, 0, 2, 2, 2, 7, 3, 1, 4, 7, 4, 10, 4, 2, 6, 3, 3, 2, 3, 0, 0, 2, 7, 8, 3, 0, 0, 2, 2, 0, 0, 2, 0, 2, 0, 2]
- x9: [24, 24, 37, 37, 32, 23, 16, 22, 31, 36, 32, 36, 32, 29, 25, 24, 20, 27, 13, 2, 2, 0, 2, 0, 0, 0, 0, 4, 2, 0, 0, 0, 2, 0, 4, 1, 0, 0, 0, 4, 0, 0, 2, 2, 2, 2, 0, 2, 6, 1, 0, 0, 2, 3, 0, 4, 3, 6, 10, 3, 4, 1, 2, 0, 0, 0, 2, 0, 6, 3, 2, 2, 5, 9, 15, 15, 4, 1, 2, 2, 5, 10, 7, 1, 0, 0, 4, 9, 5, 0, 4, 3, 3, 1, 2, 0, 0, 0, 2, 1]
- x17: [25, 27, 38, 37, 35, 26, 16, 22, 33, 34, 27, 33, 27, 21, 15, 10, 3, 3, 2, 1, 4, 1, 5, 4, 8, 5, 7, 3, 5, 8, 6, 5, 8, 5, 0, 0, 4, 6, 1, 1, 4, 4, 0, 4, 2, 1, 0, 0, 0, 0, 0, 0, 0, 0, 2, 2, 0, 2, 0, 0, 2, 2, 1, 4, 0, 0, 4, 1, 1, 0, 2, 0, 6, 6, 5, 2, 4, 0, 2, 0, 0, 0, 0, 2, 4, 2, 2, 4, 1, 0, 2, 2, 3, 5, 2, 2, 5, 15, 15, 22]
- x21: [25, 23, 18, 24, 22, 14, 12, 19, 29, 27, 16, 30, 29, 27, 27, 19, 14, 11, 10, 5, 7, 4, 0, 2, 1, 6, 1, 2, 2, 0, 2, 4, 0, 0, 2, 2, 4, 0, 0, 2, 4, 2, 2, 0, 4, 3, 8, 2, 2, 0, 0, 2, 2, 4, 4, 2, 0, 2, 2, 2, 0, 4, 1, 0, 2, 2, 0, 0, 0, 0, 0, 4, 4, 5, 7, 8, 8, 2, 0, 4, 5, 7, 6, 5, 2, 4, 5, 2, 8, 5, 4, 5, 9, 4, 1, 1, 0, 2, 5, 0]
- x24: [19, 22, 21, 8, 10, 9, 7, 12, 20, 14, 11, 16, 19, 21, 28, 29, 24, 28, 20, 18, 28, 20, 14, 10, 9, 11, 7, 1, 4, 5, 6, 5, 1, 0, 4, 2, 1, 5, 5, 2, 2, 0, 0, 0, 0, 2, 0, 2, 2, 6, 3, 0, 4, 4, 4, 4, 3, 0, 2, 0, 0, 0, 4, 0, 2, 2, 0, 0, 0, 2, 7, 3, 4, 2, 2, 0, 0, 4, 4, 2, 1, 0, 2, 3, 2, 4, 1, 2, 0, 4, 2, 2, 3, 7, 2, 3, 3, 2, 2, 3]
- x20: [20, 17, 21, 13, 8, 9, 5, 7, 7, 13, 14, 12, 9, 7, 5, 5, 3, 3, 2, 2, 2, 2, 0, 2, 0, 0, 0, 2, 4, 0, 2, 2, 3, 0, 0, 0, 4, 2, 5, 6, 5, 1, 3, 3, 0, 0, 0, 0, 0, 0, 0, 0, 2, 2, 2, 4, 6, 3, 6, 8, 5, 4, 2, 5, 5, 1, 0, 2, 0, 0, 2, 5, 7, 5, 12, 11, 9, 1, 2, 2, 0, 4, 4, 5, 9, 8, 6, 0, 0, 0, 2, 2, 3, 3, 2, 1, 7, 4, 10, 20]
- x7: [27, 20, 5, 2, 5, 13, 7, 9, 10, 8, 4, 7, 12, 14, 18, 20, 20, 23, 13, 7, 5, 0, 4, 2, 5, 2, 4, 0, 0, 4, 3, 0, 0, 2, 4, 7, 2, 2, 1, 1, 0, 0, 0, 0, 0, 2, 0, 0, 4, 6, 2, 2, 4, 3, 3, 2, 4, 2, 1, 2, 0, 0, 4, 2, 0, 4, 0, 2, 1, 2, 0, 2, 1, 0, 2, 5, 0, 0, 0, 0, 2, 1, 1, 0, 4, 0, 2, 0, 4, 1, 0, 0, 2, 6, 5, 4, 0, 2, 0, 0]
- x14: [23, 21, 9, 4, 6, 6, 14, 17, 10, 16, 21, 21, 20, 10, 3, 2, 0, 0, 0, 0, 0, 6, 5, 1, 0, 2, 0, 4, 5, 3, 4, 3, 2, 3, 2, 2, 0, 0, 0, 2, 3, 3, 2, 0, 0, 4, 0, 0, 2, 0, 0, 2, 1, 0, 2, 1, 4, 4, 0, 2, 2, 3, 6, 3, 0, 4, 11, 7, 4, 0, 2, 1, 1, 0, 0, 2, 2, 0, 0, 0, 2, 3, 3, 0, 4, 2, 0, 2, 0, 0, 4, 6, 3, 0, 0, 0, 4, 4, 8, 2]
- x10: [23, 23, 13, 12, 10, 5, 2, 5, 6, 1, 2, 0, 0, 4, 1, 0, 4, 2, 0, 2, 0, 0, 0, 2, 0, 0, 0, 2, 1, 4, 6, 2, 0, 0, 0, 0, 0, 0, 2, 0, 0, 2, 0, 0, 0, 0, 4, 2, 0, 2, 0, 4, 3, 1, 0, 0, 2, 1, 0, 2, 2, 2, 0, 0, 2, 2, 4, 0, 0, 2, 5, 0, 2, 8, 8, 10, 4, 6, 7, 0, 4, 7, 7, 3, 3, 0, 2, 4, 2, 2, 2, 2, 3, 5, 3, 6, 5, 1, 2, 0]
- x19: [22, 12, 10, 12, 3, 9, 7, 7, 5, 10, 8, 18, 10, 5, 1, 2, 2, 2, 0, 0, 0, 0, 0, 2, 3, 1, 4, 2, 0, 2, 5, 2, 0, 2, 1, 3, 4, 4, 2, 0, 0, 2, 2, 0, 4, 4, 2, 0, 2, 2, 0, 2, 2, 0, 0, 4, 0, 2, 10, 4, 2, 0, 0, 0, 0, 2, 0, 4, 0, 0, 2, 0, 0, 0, 0, 2, 2, 0, 0, 2, 2, 2, 4, 2, 0, 2, 2, 2, 0, 0, 0, 0, 0, 0, 0, 0, 0, 0, 0, 2]
